1
0.00 0.01 0.0
0.01 0.02 0.0
0.02 0.03 0.0
0.03 0.04 0.0
0.04 0.05 0.0
0.05 0.06 0.0
0.06 0.07 0.0
0.07 0.08 0.0278528
0.08 0.09 0.0477217
0.09 0.1 0.0833308
0.1 0.11 0.118621
0.11 0.12 0.154959
0.12 0.13 0.193877
0.13 0.14 0.231535
0.14 0.15 0.26596
0.15 0.16 0.302966
0.16 0.17 0.34533
0.17 0.18 0.38953
0.18 0.19 0.43285
0.19 0.2 0.464239
0.2 0.21 0.497298
0.21 0.22 0.530448
0.22 0.23 0.557937
0.23 0.24 0.576182
0.24 0.25 0.59262
0.25 0.26 0.605218
0.26 0.27 0.616071
0.27 0.28 0.625877
0.28 0.29 0.634316
0.29 0.3 0.63846
0.3 0.31 0.640691
0.31 0.32 0.639811
0.32 0.33 0.643742
0.33 0.34 0.641936
0.34 0.35 0.63975
0.35 0.36 0.635682
0.36 0.37 0.634377
0.37 0.38 0.623311
0.38 0.39 0.620367
0.39 0.4 0.615236
0.4 0.41 0.617043
0.41 0.42 0.611745
0.42 0.43 0.598676
0.43 0.44 0.591861
0.44 0.45 0.583422
0.45 0.46 0.580098
0.46 0.47 0.573009
0.47 0.48 0.563796
0.48 0.49 0.558149
0.49 0.5 0.552169
0.5 0.51 0.544868
0.51 0.52 1
0.52 0.53 0.523876
0.53 0.54 0.517364
0.54 0.55 0.508515
0.55 0.56 0.502459
0.56 0.57 0.500061
0.57 0.58 0.497374
0.58 0.59 0.483698
0.59 0.6 0.476094
0.6 0.61 0.470174
0.61 0.62 0.47538
0.62 0.63 0.465954
0.63 0.64 0.455936
0.64 0.65 0.450366
0.65 0.66 0.446647
0.66 0.67 0.439179
0.67 0.68 0.436417
0.68 0.69 0.433184
0.69 0.7 0.428053
0.7 0.71 0.420555
0.71 0.72 0.416259
0.72 0.73 0.406651
0.73 0.74 0.400944
0.74 0.75 0.400777
0.75 0.76 0.391306
0.76 0.77 0.386206
0.77 0.78 0.378738
0.78 0.79 0.378176
0.79 0.8 0.375201
0.8 0.81 0.366944
0.81 0.82 0.36488
0.82 0.83 0.359309
0.83 0.84 0.355287
0.84 0.85 0.346544
0.85 0.86 0.348031
0.86 0.87 0.342172
0.87 0.88 0.339789
0.88 0.89 0.334704
0.89 0.9 0.330014
0.9 0.91 0.326812
0.91 0.92 0.319177
0.92 0.93 0.321211
0.93 0.94 0.316915
0.94 0.95 0.308309
0.95 0.96 0.302617
0.96 0.97 0.30201
0.97 0.98 0.298503
0.98 0.99 0.299323
0.99 1 0.289836
1 1.01 0.290808
1.01 1.02 0.28715
1.02 1.03 0.28211
1.03 1.04 0.275493
1.04 1.05 0.280016
1.05 1.06 0.272897
1.06 1.07 0.271288
1.07 1.08 0.270726
1.08 1.09 0.261771
1.09 1.1 0.260542
1.1 1.11 0.258675
1.11 1.12 0.256838
1.12 1.13 0.250554
1.13 1.14 0.249173
1.14 1.15 0.24852
1.15 1.16 0.248353
1.16 1.17 0.243784
1.17 1.18 0.240445
1.18 1.19 0.240263
1.19 1.2 0.236969
1.2 1.21 0.228712
1.21 1.22 0.22985
1.22 1.23 0.224219
1.23 1.24 0.225858
1.24 1.25 0.225266
1.25 1.26 0.224295
1.26 1.27 0.220273
1.27 1.28 0.212547
1.28 1.29 0.214201
1.29 1.3 0.214915
1.3 1.31 0.210361
1.31 1.32 0.204654
1.32 1.33 0.204821
1.33 1.34 0.202939
1.34 1.35 0.200464
1.35 1.36 0.197641
1.36 1.37 0.202696
1.37 1.38 0.197049
1.38 1.39 0.193209
1.39 1.4 0.193482
1.4 1.41 0.19078
1.41 1.42 0.189733
1.42 1.43 0.18691
1.43 1.44 0.18518
1.44 1.45 0.183707
1.45 1.46 0.181021
1.46 1.47 0.182189
1.47 1.48 0.180596
1.48 1.49 0.178941
1.49 1.5 0.178182
1.5 1.51 0.174023
1.51 1.52 0.169424
1.52 1.53 0.166343
1.53 1.54 0.168559
1.54 1.55 0.167527
1.55 1.56 0.164779
1.56 1.57 0.16528
1.57 1.58 0.159937
1.58 1.59 0.161015
1.59 1.6 0.161137
1.6 1.61 0.15675
1.61 1.62 0.15757
1.62 1.63 0.155323
1.63 1.64 0.155763
1.64 1.65 0.153866
1.65 1.66 0.149009
1.66 1.67 0.153259
1.67 1.68 0.1474
1.68 1.69 0.14655
1.69 1.7 0.148614
1.7 1.71 0.146186
1.71 1.72 0.143803
1.72 1.73 0.143605
1.73 1.74 0.139264
1.74 1.75 0.140828
1.75 1.76 0.137579
1.76 1.77 0.137716
1.77 1.78 0.135561
1.78 1.79 0.134544
1.79 1.8 0.135409
1.8 1.81 0.132358
1.81 1.82 0.132494
1.82 1.83 0.130491
1.83 1.84 0.133876
1.84 1.85 0.127622
1.85 1.86 0.128548
1.86 1.87 0.125376
1.87 1.88 0.126013
1.88 1.89 0.123251
1.89 1.9 0.125907
1.9 1.91 0.122143
1.91 1.92 0.120655
1.92 1.93 0.119744
1.93 1.94 0.118181
1.94 1.95 0.116663
1.95 1.96 0.119031
1.96 1.97 0.11727
1.97 1.98 0.114948
1.98 1.99 0.118788
1.99 2 0.112459
2 2.01 0.11129
2.01 2.02 0.112322
2.02 2.03 0.113157
2.03 2.04 0.111867
2.04 2.05 0.109226
2.05 2.06 0.107784
2.06 2.07 0.110151
2.07 2.08 0.107951
2.08 2.09 0.109028
2.09 2.1 0.107784
2.1 2.11 0.10701
2.11 2.12 0.103458
2.12 2.13 0.106251
2.13 2.14 0.101576
2.14 2.15 0.10194
2.15 2.16 0.10156
2.16 2.17 0.101591
2.17 2.18 0.100726
2.18 2.19 0.0982818
2.19 2.2 0.0992987
2.2 2.21 0.0956559
2.21 2.22 0.0977505
2.22 2.23 0.0978568
2.23 2.24 0.0961719
2.24 2.25 0.0962934
2.25 2.26 0.0961416
2.26 2.27 0.0943353
2.27 2.28 0.0934398
2.28 2.29 0.0923773
2.29 2.3 0.0904648
2.3 2.31 0.0936371
2.31 2.32 0.0898121
2.32 2.33 0.0907683
2.33 2.34 0.0913907
2.34 2.35 0.0889317
2.35 2.36 0.0876415
2.36 2.37 0.0873076
2.37 2.38 0.0866246
2.38 2.39 0.086746
2.39 2.4 0.0846817
2.4 2.41 0.0846969
2.41 2.42 0.0854406
2.42 2.43 0.0822835
2.43 2.44 0.0847576
2.44 2.45 0.0829817
2.45 2.46 0.081737
2.46 2.47 0.0795665
2.47 2.48 0.0818129
2.48 2.49 0.0799611
2.49 2.5 0.0804924
2.5 2.51 0.0776692
2.51 2.52 0.0780638
2.52 2.53 0.0776995
2.53 2.54 0.0774718
2.54 2.55 0.0765308
2.55 2.56 0.0754531
2.56 2.57 0.0742084
2.57 2.58 0.0742388
2.58 2.59 0.075787
2.59 2.6 0.0738745
2.6 2.61 0.074087
2.61 2.62 0.0738897
2.62 2.63 0.0739504
2.63 2.64 0.0739959
2.64 2.65 0.0731763
2.65 2.66 0.0705807
2.66 2.67 0.0691236
2.67 2.68 0.0718709
2.68 2.69 0.0686075
2.69 2.7 0.0713245
2.7 2.71 0.0703075
2.71 2.72 0.0687593
2.72 2.73 0.0688352
2.73 2.74 0.0680914
2.74 2.75 0.0696245
2.75 2.76 0.0665129
2.76 2.77 0.0674388
2.77 2.78 0.0651468
2.78 2.79 0.0676664
2.79 2.8 0.0648584
2.8 2.81 0.0663004
2.81 2.82 0.0625209
2.82 2.83 0.0630369
2.83 2.84 0.0637503
2.84 2.85 0.0633405
2.85 2.86 0.0638718
2.86 2.87 0.0624753
2.87 2.88 0.0623994
2.88 2.89 0.0622173
2.89 2.9 0.0609726
2.9 2.91 0.0616405
2.91 2.92 0.0600468
2.92 2.93 0.0620048
2.93 2.94 0.0599253
2.94 2.95 0.0605173
2.95 2.96 0.0596825
2.96 2.97 0.0584226
2.97 2.98 0.0601075
2.98 2.99 0.0603351
2.99 3 0.0585896
3 3.01 0.0571021
3.01 3.02 0.0587566
3.02 3.03 0.0574816
3.03 3.04 0.0560548
3.04 3.05 0.0548708
3.05 3.06 0.0544306
3.06 3.07 0.055478
3.07 3.08 0.0563583
3.08 3.09 0.055736
3.09 3.1 0.0562217
3.1 3.11 0.0545065
3.11 3.12 0.0540815
3.12 3.13 0.0563432
3.13 3.14 0.0536262
3.14 3.15 0.053444
3.15 3.16 0.0531253
3.16 3.17 0.0523208
3.17 3.18 0.0525637
3.18 3.19 0.0508485
3.19 3.2 0.0511521
3.2 3.21 0.0507726
3.21 3.22 0.0513494
3.22 3.23 0.0505449
3.23 3.24 0.0509547
3.24 3.25 0.0497404
3.25 3.26 0.0499378
3.26 3.27 0.0485717
3.27 3.28 0.0482833
3.28 3.29 0.0483744
3.29 3.3 0.0480556
3.3 3.31 0.0492395
3.31 3.32 0.0466288
3.32 3.33 0.0465985
3.33 3.34 0.0458851
3.34 3.35 0.0461431
3.35 3.36 0.0470538
3.36 3.37 0.0473119
3.37 3.38 0.0461431
3.38 3.39 0.046219
3.39 3.4 0.0452324
3.4 3.41 0.0456877
3.41 3.42 0.0436083
3.42 3.43 0.0451868
3.43 3.44 0.0436386
3.44 3.45 0.0447922
3.45 3.46 0.0439574
3.46 3.47 0.0441243
3.47 3.48 0.0439118
3.48 3.49 0.044352
3.49 3.5 0.0432288
3.5 3.51 0.0415136
3.51 3.52 0.0408458
3.52 3.53 0.0430011
3.53 3.54 0.0420145
3.54 3.55 0.0431226
3.55 3.56 0.0417868
3.56 3.57 0.0428645
3.57 3.58 0.0404359
3.58 3.59 0.0405877
3.59 3.6 0.0419993
3.6 3.61 0.0402386
3.61 3.62 0.0398136
3.62 3.63 0.0408002
3.63 3.64 0.0391002
3.64 3.65 0.0405725
3.65 3.66 0.0387511
3.66 3.67 0.0379922
3.67 3.68 0.03951
3.68 3.69 0.0390699
3.69 3.7 0.039419
3.7 3.71 0.0374913
3.71 3.72 0.0364591
3.72 3.73 0.0380984
3.73 3.74 0.0359279
3.74 3.75 0.0369448
3.75 3.76 0.0364591
3.76 3.77 0.0369145
3.77 3.78 0.0364591
3.78 3.79 0.0359582
3.79 3.8 0.0346073
3.8 3.81 0.0358672
3.81 3.82 0.0345618
3.82 3.83 0.0348805
3.83 3.84 0.0349261
3.84 3.85 0.034243
3.85 3.86 0.0349564
3.86 3.87 0.0349868
3.87 3.88 0.0345921
3.88 3.89 0.0328921
3.89 3.9 0.033727
3.9 3.91 0.0340457
3.91 3.92 0.0336663
3.92 3.93 0.0331046
3.93 3.94 0.0324064
3.94 3.95 0.033818
3.95 3.96 0.0335752
3.96 3.97 0.0323609
3.97 3.98 0.033135
3.98 3.99 0.0324975
3.99 4 0.0312832
4 4.01 0.0313136
4.01 4.02 0.0322395
4.02 4.03 0.0325582
4.03 4.04 0.0320573
4.04 4.05 0.0334386
4.05 4.06 0.0330136
4.06 4.07 0.0298716
4.07 4.08 0.0298564
4.08 4.09 0.030418
4.09 4.1 0.0311011
4.1 4.11 0.0290823
4.11 4.12 0.029143
4.12 4.13 0.0302359
4.13 4.14 0.0289305
4.14 4.15 0.0285359
4.15 4.16 0.0310555
4.16 4.17 0.0298564
4.17 4.18 0.0283234
4.18 4.19 0.0291278
4.19 4.2 0.0271698
4.2 4.21 0.0285966
4.21 4.22 0.0281412
4.22 4.23 0.0286573
4.23 4.24 0.0284903
4.24 4.25 0.0276251
4.25 4.26 0.026851
4.26 4.27 0.0271091
4.27 4.28 0.0263198
4.28 4.29 0.0266385
4.29 4.3 0.0278528
4.3 4.31 0.0263805
4.31 4.32 0.0274126
4.32 4.33 0.02506
4.33 4.34 0.0254242
4.34 4.35 0.0252269
4.35 4.36 0.0263805
4.36 4.37 0.0261984
4.37 4.38 0.0250296
4.38 4.39 0.0251207
4.39 4.4 0.0239519
4.4 4.41 0.0254698
4.41 4.42 0.0237698
4.42 4.43 0.0252269
4.43 4.44 0.0241037
4.44 4.45 0.0239367
4.45 4.46 0.0246653
4.46 4.47 0.0238457
4.47 4.48 0.0231778
4.48 4.49 0.0245439
4.49 4.5 0.0237091
4.5 4.51 0.0238912
4.51 4.52 0.0241189
4.52 4.53 0.0239064
4.53 4.54 0.0228287
4.54 4.55 0.0237698
4.55 4.56 0.0224492
4.56 4.57 0.0226162
4.57 4.58 0.0225858
4.58 4.59 0.0211894
4.59 4.6 0.0209921
4.6 4.61 0.0211135
4.61 4.62 0.022176
4.62 4.63 0.0214474
4.63 4.64 0.0210224
4.64 4.65 0.0210073
4.65 4.66 0.0210224
4.66 4.67 0.0203394
4.67 4.68 0.0213867
4.68 4.69 0.0209921
4.69 4.7 0.0219787
4.7 4.71 0.0212349
4.71 4.72 0.0211135
4.72 4.73 0.0204305
4.73 4.74 0.0207492
4.74 4.75 0.018943
4.75 4.76 0.0193376
4.76 4.77 0.0199599
4.77 4.78 0.019626
4.78 4.79 0.019459
4.79 4.8 0.0192162
4.8 4.81 0.0190189
4.81 4.82 0.0197171
4.82 4.83 0.0189581
4.83 4.84 0.0179867
4.84 4.85 0.0181233
4.85 4.86 0.0180474
4.86 4.87 0.0188974
4.87 4.88 0.0181992
4.88 4.89 0.0178653
4.89 4.9 0.0172885
4.9 4.91 0.0180019
4.91 4.92 0.0174403
4.92 4.93 0.0169394
4.93 4.94 0.017926
4.94 4.95 0.0169849
4.95 4.96 0.0170912
4.96 4.97 0.0162412
4.97 4.98 0.0177287
4.98 4.99 0.0171974
4.99 5 0.0161956
5 5.01 0.015634
5.01 5.02 0.0166662
5.02 5.03 0.0160894
5.03 5.04 0.0161804
5.04 5.05 0.015376
5.05 5.06 0.0147081
5.06 5.07 0.0156947
5.07 5.08 0.0148599
5.08 5.09 0.0152545
5.09 5.1 0.0143894
5.1 5.11 0.0150572
5.11 5.12 0.0144956
5.12 5.13 0.0149965
5.13 5.14 0.0146929
5.14 5.15 0.0146474
5.15 5.16 0.014192
5.16 5.17 0.0128715
5.17 5.18 0.0133724
5.18 5.19 0.0139947
5.19 5.2 0.0135394
5.2 5.21 0.0132358
5.21 5.22 0.0125376
5.22 5.23 0.0134028
5.23 5.24 0.0133724
5.24 5.25 0.0135242
5.25 5.26 0.0118393
5.26 5.27 0.0124161
5.27 5.28 0.012826
5.28 5.29 0.0123402
5.29 5.3 0.0119911
5.3 5.31 0.0119608
5.31 5.32 0.0119001
5.32 5.33 0.0117027
5.33 5.34 0.0120063
5.34 5.35 0.0113385
5.35 5.36 0.0120367
5.36 5.37 0.0116876
5.37 5.38 0.0109893
5.38 5.39 0.0116724
5.39 5.4 0.0109286
5.4 5.41 0.0102911
5.41 5.42 0.0105947
5.42 5.43 0.0103063
5.43 5.44 0.00986612
5.44 5.45 0.00994202
5.45 5.46 0.00975987
5.46 5.47 0.00992684
5.47 5.48 0.00901612
5.48 5.49 0.00971434
5.49 5.5 0.00956255
5.5 5.51 0.00904648
5.51 5.52 0.00872773
5.52 5.53 0.00840897
5.53 5.54 0.00935005
5.54 5.55 0.00869737
5.55 5.56 0.00850005
5.56 5.57 0.00863665
5.57 5.58 0.00804469
5.58 5.59 0.00821165
5.59 5.6 0.00801433
5.6 5.61 0.00755897
5.61 5.62 0.00784736
5.62 5.63 0.00736165
5.63 5.64 0.00731611
5.64 5.65 0.00727057
5.65 5.66 0.00661789
5.66 5.67 0.00663307
5.67 5.68 0.00646611
5.68 5.69 0.00640539
5.69 5.7 0.00693664
5.7 5.71 0.00595003
5.71 5.72 0.00599557
5.72 5.73 0.00622325
5.73 5.74 0.00567682
5.74 5.75 0.00566164
5.75 5.76 0.00573753
5.76 5.77 0.00564646
5.77 5.78 0.00557057
5.78 5.79 0.00500896
5.79 5.8 0.00513038
5.8 5.81 0.00449288
5.81 5.82 0.00467503
5.82 5.83 0.00461431
5.83 5.84 0.00396163
5.84 5.85 0.00464467
5.85 5.86 0.00388574
5.86 5.87 0.00367323
5.87 5.88 0.00403752
5.88 5.89 0.00390091
5.89 5.9 0.00358216
5.9 5.91 0.00352145
5.91 5.92 0.00358216
5.92 5.93 0.0033393
5.93 5.94 0.00353663
5.94 5.95 0.00317234
5.95 5.96 0.00321787
5.96 5.97 0.00317234
5.97 5.98 0.00282323
5.98 5.99 0.00268662
5.99 6 0.00255001
6 6.01 0.00245894
6.01 6.02 0.00229198
6.02 6.03 0.00238305
6.03 6.04 0.00221608
6.04 6.05 0.00192769
6.05 6.06 0.00218573
6.06 6.07 0.0015634
6.07 6.08 0.00176072
6.08 6.09 0.00157858
6.09 6.1 0.00147233
6.1 6.11 0.00144197
6.11 6.12 0.00147233
6.12 6.13 0.00121429
6.13 6.14 0.00119911
6.14 6.15 0.00124465
6.15 6.16 0.00148751
6.16 6.17 0.00116876
6.17 6.18 0.00110804
6.18 6.19 0.00100179
6.19 6.2 0.000910719
6.2 6.21 0.00101697
6.21 6.22 0.00078929
6.22 6.23 0.000956255
6.23 6.24 0.000758933
6.24 6.25 0.000850005
6.25 6.26 0.000591967
6.26 6.27 0.000683039
6.27 6.28 0.000743754
6.28 6.29 0.000622325
6.29 6.3 0.00045536
6.3 6.31 0.000409824
6.31 6.32 0.000440181
6.32 6.33 0.000485717
6.33 6.34 0.000470538
6.34 6.35 0.000394645
6.35 6.36 0.000364288
6.36 6.37 0.000379466
6.37 6.38 0.000394645
6.38 6.39 0.000273216
6.39 6.4 0.000258037
6.4 6.41 0.000212501
6.41 6.42 0.000288394
6.42 6.43 0.000288394
6.43 6.44 0.000258037
6.44 6.45 0.00022768
6.45 6.46 0.000212501
6.46 6.47 0.000106251
6.47 6.48 0.000197322
6.48 6.49 9.10719e-05
6.49 6.5 0.000136608
