1
0.020 0.021 0.000000000
0.021 0.022 0.000442702
0.022 0.023 0.000973944
0.023 0.024 0.0338308
0.024 0.025 0.050721
0.025 0.026 0.0700734
0.026 0.027 0.0874947
0.027 0.028 0.118737
0.028 0.029 0.142423
0.029 0.03 0.169778
0.03 0.031 0.192984
0.031 0.032 0.221304
0.032 0.033 0.240433
0.033 0.034 0.269175
0.034 0.035 0.291129
0.035 0.036 0.309482
0.036 0.037 0.323779
0.037 0.038 0.346652
0.038 0.039 0.363285
0.039 0.04 0.366941
0.04 0.041 0.383578
0.041 0.042 0.384931
0.042 0.043 0.403765
0.043 0.044 0.393688
0.044 0.045 0.405409
0.045 0.046 0.404406
0.046 0.047 0.404743
0.047 0.048 0.403858
0.048 0.049 0.400649
0.049 0.05 0.397512
0.05 0.051 0.395025
0.051 0.052 0.384518
0.052 0.053 0.386605
0.053 0.054 0.379438
0.054 0.055 0.374403
0.055 0.056 0.366068
0.056 0.057 0.367662
0.057 0.058 0.357872
0.058 0.059 0.697466
0.059 0.06 1
0.06 0.061 0.339105
0.061 0.062 0.36103
0.062 0.063 0.320858
0.063 0.064 0.314449
0.064 0.065 0.299494
0.065 0.066 0.29583
0.066 0.067 0.294241
0.067 0.068 0.531626
0.068 0.069 0.285176
0.069 0.07 0.341272
0.07 0.071 0.227123
0.071 0.072 0.230487
0.072 0.073 0.218728
0.073 0.074 0.206038
0.074 0.075 0.212261
0.075 0.076 0.203542
0.076 0.077 0.196754
0.077 0.078 0.198967
0.078 0.079 0.180774
0.079 0.08 0.177494
0.08 0.081 0.167396
0.081 0.082 0.175179
0.082 0.083 0.16947
0.083 0.084 0.157113
0.084 0.085 0.159811
0.085 0.086 0.15358
0.086 0.087 0.140492
0.087 0.088 0.136588
0.088 0.089 0.140374
0.089 0.09 0.136702
0.09 0.091 0.119707
0.091 0.092 0.115478
0.092 0.093 0.113572
0.093 0.094 0.11216
0.094 0.095 0.10468
0.095 0.096 0.10153
0.096 0.097 0.0991736
0.097 0.098 0.0934944
0.098 0.099 0.0899022
0.099 0.1 0.0850114
0.1 0.101 0.0766127
0.101 0.102 0.0758158
0.102 0.103 0.0701998
0.103 0.104 0.0623956
0.104 0.105 0.0625264
0.105 0.106 0.0578759
0.106 0.107 0.0508601
0.107 0.108 0.0519479
0.108 0.109 0.0456025
0.109 0.11 0.0418501
0.11 0.111 0.036369
0.111 0.112 0.0323341
0.112 0.113 0.030441
0.113 0.114 0.0237668
0.114 0.115 0.0217725
0.115 0.116 0.0159794
0.116 0.117 0.0116536
0.117 0.118 0.00907328
0.118 0.119 0.00479804
0.119 0.12 0.00126065
